2.300000000000000000e+01 1.990000000000000000e+02
3.300000000000000000e+01 2.380000000000000000e+02
3.300000000000000000e+01 3.020000000000000000e+02
2.800000000000000000e+01 3.550000000000000000e+02
3.000000000000000000e+01 4.080000000000000000e+02
3.300000000000000000e+01 4.610000000000000000e+02
5.600000000000000000e+01 4.660000000000000000e+02
8.100000000000000000e+01 4.660000000000000000e+02
5.600000000000000000e+01 4.280000000000000000e+02
7.400000000000000000e+01 3.930000000000000000e+02
7.900000000000000000e+01 3.390000000000000000e+02
7.500000000000000000e+01 3.060000000000000000e+02
6.800000000000000000e+01 2.580000000000000000e+02
9.300000000000000000e+01 2.100000000000000000e+02
1.410000000000000000e+02 2.060000000000000000e+02
1.880000000000000000e+02 2.140000000000000000e+02
2.040000000000000000e+02 2.310000000000000000e+02
1.590000000000000000e+02 2.470000000000000000e+02
1.160000000000000000e+02 2.560000000000000000e+02
1.360000000000000000e+02 2.930000000000000000e+02
2.120000000000000000e+02 3.050000000000000000e+02
2.730000000000000000e+02 2.790000000000000000e+02
3.230000000000000000e+02 2.600000000000000000e+02
3.920000000000000000e+02 2.480000000000000000e+02
4.490000000000000000e+02 2.270000000000000000e+02
4.830000000000000000e+02 2.280000000000000000e+02
3.950000000000000000e+02 2.240000000000000000e+02
3.580000000000000000e+02 2.370000000000000000e+02
3.580000000000000000e+02 2.970000000000000000e+02
3.800000000000000000e+02 3.410000000000000000e+02
4.470000000000000000e+02 3.310000000000000000e+02
4.710000000000000000e+02 2.870000000000000000e+02
4.170000000000000000e+02 2.920000000000000000e+02
4.340000000000000000e+02 3.670000000000000000e+02
4.720000000000000000e+02 3.620000000000000000e+02
4.760000000000000000e+02 4.340000000000000000e+02
4.660000000000000000e+02 4.600000000000000000e+02
4.410000000000000000e+02 4.700000000000000000e+02
3.960000000000000000e+02 4.950000000000000000e+02
3.750000000000000000e+02 4.210000000000000000e+02
3.990000000000000000e+02 4.030000000000000000e+02
3.470000000000000000e+02 3.650000000000000000e+02
3.340000000000000000e+02 3.810000000000000000e+02
3.440000000000000000e+02 3.990000000000000000e+02
3.110000000000000000e+02 4.300000000000000000e+02
2.880000000000000000e+02 4.160000000000000000e+02
2.750000000000000000e+02 3.670000000000000000e+02
2.850000000000000000e+02 3.360000000000000000e+02
2.090000000000000000e+02 3.510000000000000000e+02
1.580000000000000000e+02 3.630000000000000000e+02
1.260000000000000000e+02 3.940000000000000000e+02
1.120000000000000000e+02 4.370000000000000000e+02
1.370000000000000000e+02 4.620000000000000000e+02
1.680000000000000000e+02 4.730000000000000000e+02
2.200000000000000000e+02 4.760000000000000000e+02
2.740000000000000000e+02 4.800000000000000000e+02
3.060000000000000000e+02 4.650000000000000000e+02
2.470000000000000000e+02 4.140000000000000000e+02
2.150000000000000000e+02 3.920000000000000000e+02
1.720000000000000000e+02 4.040000000000000000e+02
1.540000000000000000e+02 4.210000000000000000e+02
1.880000000000000000e+02 4.330000000000000000e+02
2.440000000000000000e+02 4.330000000000000000e+02
1.670000000000000000e+02 4.360000000000000000e+02
8.800000000000000000e+01 4.950000000000000000e+02
1.200000000000000000e+01 4.980000000000000000e+02
8.000000000000000000e+00 1.990000000000000000e+02
4.390000000000000000e+02 2.540000000000000000e+02
4.340000000000000000e+02 4.200000000000000000e+02
4.960000000000000000e+02 4.490000000000000000e+02
4.920000000000000000e+02 4.980000000000000000e+02
4.480000000000000000e+02 6.700000000000000000e+01
3.990000000000000000e+02 5.600000000000000000e+01
3.450000000000000000e+02 5.600000000000000000e+01
2.790000000000000000e+02 4.400000000000000000e+01
2.330000000000000000e+02 4.400000000000000000e+01
1.420000000000000000e+02 4.000000000000000000e+01
1.050000000000000000e+02 3.600000000000000000e+01
6.300000000000000000e+01 4.100000000000000000e+01
4.400000000000000000e+01 7.100000000000000000e+01
4.200000000000000000e+01 9.500000000000000000e+01
6.600000000000000000e+01 1.020000000000000000e+02
1.210000000000000000e+02 9.100000000000000000e+01
1.670000000000000000e+02 9.000000000000000000e+01
2.190000000000000000e+02 9.100000000000000000e+01
2.650000000000000000e+02 8.700000000000000000e+01
3.370000000000000000e+02 7.800000000000000000e+01
3.730000000000000000e+02 8.900000000000000000e+01
4.190000000000000000e+02 8.900000000000000000e+01
3.920000000000000000e+02 1.220000000000000000e+02
3.390000000000000000e+02 1.240000000000000000e+02
3.020000000000000000e+02 1.250000000000000000e+02
2.670000000000000000e+02 1.240000000000000000e+02
2.210000000000000000e+02 1.240000000000000000e+02
1.560000000000000000e+02 1.220000000000000000e+02
1.120000000000000000e+02 1.210000000000000000e+02
7.300000000000000000e+01 1.250000000000000000e+02
2.700000000000000000e+01 1.310000000000000000e+02
4.200000000000000000e+01 1.490000000000000000e+02
8.600000000000000000e+01 1.540000000000000000e+02
3.140000000000000000e+02 1.890000000000000000e+02
4.390000000000000000e+02 1.450000000000000000e+02
